477.000000000000000 629.000000000000000 0.000000000000000
478.000000000000000 1044.000000000000000 0.000000000000000
478.000000000000000 1043.000000000000000 0.000000000000000
478.000000000000000 1042.000000000000000 0.000000000000000
478.000000000000000 1025.000000000000000 0.000000000000000
447.000000000000000 865.000000000000000 1.000000000000000
377.000000000000000 1025.000000000000000 0.000000000000000
311.000000000000000 865.000000000000000 1.000000000000000
241.000000000000000 945.000000000000000 0.000000000000000
239.000000000000000 304.000000000000000 0.000000000000000
185.000000000000000 384.000000000000000 0.000000000000000
174.000000000000000 657.000000000000000 1.000000000000000
240.000000000000000 1025.000000000000000 0.000000000000000
310.000000000000000 865.000000000000000 1.000000000000000
376.000000000000000 1025.000000000000000 0.000000000000000
446.000000000000000 865.000000000000000 1.000000000000000
477.000000000000000 1025.000000000000000 0.000000000000000
477.000000000000000 1042.000000000000000 0.000000000000000
477.000000000000000 1043.000000000000000 0.000000000000000
477.000000000000000 1044.000000000000000 0.000000000000000
477.000000000000000 1045.000000000000000 0.000000000000000
477.000000000000000 646.000000000000000 1.000000000000000
199.000000000000000 209.000000000000000 0.000000000000000
195.000000000000000 609.000000000000000 0.000000000000000
198.000000000000000 273.000000000000000 0.000000000000000
484.000000000000000 549.000000000000000 0.000000000000000
484.000000000000000 421.000000000000000 0.000000000000000
483.000000000000000 405.000000000000000 0.000000000000000
484.000000000000000 550.000000000000000 0.000000000000000
484.000000000000000 422.000000000000000 0.000000000000000
483.000000000000000 406.000000000000000 0.000000000000000
