477.000000000000000 645.000000000000000 1.000000000000000
477.000000000000000 1013.000000000000000 0.000000000000000
446.000000000000000 869.000000000000000 1.000000000000000
376.000000000000000 1013.000000000000000 0.000000000000000
376.000000000000000 662.000000000000000 1.000000000000000
310.000000000000000 661.000000000000000 1.000000000000000
310.000000000000000 709.000000000000000 1.000000000000000
310.000000000000000 662.000000000000000 1.000000000000000
376.000000000000000 1030.000000000000000 0.000000000000000
446.000000000000000 870.000000000000000 1.000000000000000
477.000000000000000 1014.000000000000000 0.000000000000000
477.000000000000000 646.000000000000000 1.000000000000000
339.000000000000000 21.000000000000000 0.000000000000000
338.000000000000000 245.000000000000000 0.000000000000000
331.000000000000000 581.000000000000000 0.000000000000000
337.000000000000000 949.000000000000000 0.000000000000000
337.000000000000000 933.000000000000000 0.000000000000000
339.000000000000000 134.000000000000000 0.000000000000000
331.000000000000000 230.000000000000000 0.000000000000000
331.000000000000000 582.000000000000000 0.000000000000000
338.000000000000000 310.000000000000000 0.000000000000000
338.000000000000000 262.000000000000000 0.000000000000000
336.000000000000000 262.000000000000000 0.000000000000000
337.000000000000000 246.000000000000000 0.000000000000000
338.000000000000000 326.000000000000000 0.000000000000000
330.000000000000000 246.000000000000000 0.000000000000000
334.000000000000000 998.000000000000000 0.000000000000000
337.000000000000000 950.000000000000000 0.000000000000000
337.000000000000000 934.000000000000000 0.000000000000000
337.000000000000000 982.000000000000000 0.000000000000000
337.000000000000000 966.000000000000000 0.000000000000000
334.000000000000000 950.000000000000000 0.000000000000000
334.000000000000000 934.000000000000000 0.000000000000000
334.000000000000000 918.000000000000000 0.000000000000000
458.000000000000000 208.000000000000000 0.000000000000000
484.000000000000000 549.000000000000000 0.000000000000000
484.000000000000000 421.000000000000000 0.000000000000000
483.000000000000000 405.000000000000000 0.000000000000000
484.000000000000000 550.000000000000000 0.000000000000000
484.000000000000000 422.000000000000000 0.000000000000000
483.000000000000000 406.000000000000000 0.000000000000000
